spawns:
  default:
    world: 0c1910d0-c773-4a11-be8c-1e38ce683f32
    world-name: world
    x: 1137.8612158210794
    y: 71.0
    z: -885.7304593235374
    yaw: 12.30487060546875
    pitch: 52.649906158447266
