world: 0c1910d0-c773-4a11-be8c-1e38ce683f32
world-name: world
x: 1136.9453659512142
y: 71.0
z: -893.1855270914564
yaw: -0.7451508045196533
pitch: 12.899881362915039
name: Reino
lastowner: f74ebe2f-ff33-3d4f-a6ec-b9171bd6bd1e
