world: 0c1910d0-c773-4a11-be8c-1e38ce683f32
world-name: world
x: 1136.913132573974
y: 71.0
z: -893.204635813978
yaw: -0.8951416015625
pitch: 5.249871253967285
name: spawn
lastowner: f74ebe2f-ff33-3d4f-a6ec-b9171bd6bd1e
